1.000000 4.000000 0.000000 0.000000 0.000000 0.000000 0.000000 0.000000 4581.936523 4365.292480 4449.328613 4247.333496 4563.433105 4731.505859 1.000000 1.000000 1.000000 1.000000 1.000000 1.000000 0.107684 0.145931 0.161130 0.362177 0.150643 0.072435 
2.000000 4.000000 6.000000 1.000000 2.000000 3.000000 4.000000 5.000000 4582.707520 4371.074707 4451.641602 4251.188477 4572.684570 4731.505859 1.000000 1.000000 1.000000 1.000000 1.000000 1.000000 0.111361 0.139388 0.169439 0.372863 0.132377 0.074573 
3.000000 4.000000 6.000000 1.000000 2.000000 3.000000 4.000000 5.000000 4582.707520 4372.231445 4451.641602 4255.813965 4580.394531 4743.070312 1.000000 1.000000 1.000000 1.000000 1.000000 1.000000 0.111856 0.136634 0.171408 0.369752 0.136400 0.073950 
4.000000 4.000000 6.000000 1.000000 2.000000 3.000000 4.000000 5.000000 4590.031738 4376.856934 4455.496582 4257.741211 4589.646484 4746.539551 1.000000 1.000000 1.000000 1.000000 1.000000 1.000000 0.112863 0.136775 0.170413 0.369718 0.136287 0.073944 
5.000000 4.000000 6.000000 1.000000 2.000000 3.000000 4.000000 5.000000 4600.054688 4378.398926 4462.435547 4263.523926 4597.355957 4750.009277 1.000000 1.000000 1.000000 1.000000 1.000000 1.000000 0.115183 0.136222 0.174302 0.365726 0.135422 0.073145 
6.000000 4.000000 6.000000 1.000000 2.000000 3.000000 4.000000 5.000000 4607.378906 4379.940918 4464.362793 4268.920410 4599.668945 4750.009277 1.000000 1.000000 1.000000 1.000000 1.000000 1.000000 0.117120 0.134873 0.176284 0.367053 0.131260 0.073411 
7.000000 4.000000 6.000000 1.000000 2.000000 3.000000 4.000000 5.000000 4611.233398 4382.253906 4470.916016 4272.004395 4601.210938 4750.780273 1.000000 1.000000 1.000000 1.000000 1.000000 1.000000 0.118730 0.124107 0.166255 0.380195 0.134674 0.076039 
8.000000 4.000000 6.000000 1.000000 2.000000 3.000000 4.000000 5.000000 4611.233398 4382.253906 4471.687012 4282.027344 4601.210938 4756.947754 1.000000 1.000000 1.000000 1.000000 1.000000 1.000000 0.118992 0.115961 0.156022 0.394678 0.135411 0.078936 
9.000000 4.000000 6.000000 1.000000 2.000000 3.000000 4.000000 5.000000 4616.630371 4391.891113 4471.687012 4282.798340 4601.210938 4753.863770 1.000000 1.000000 1.000000 1.000000 1.000000 1.000000 0.120766 0.120711 0.136299 0.400789 0.141276 0.080158 
10.000000 4.000000 6.000000 1.000000 2.000000 3.000000 4.000000 5.000000 4622.027344 4400.757324 4471.687012 4289.351562 4607.764160 4753.863770 1.000000 1.000000 1.000000 1.000000 1.000000 1.000000 0.124642 0.115186 0.127034 0.408110 0.143406 0.081622 
11.000000 4.000000 6.000000 1.000000 2.000000 3.000000 4.000000 5.000000 4623.569336 4409.238281 4479.782227 4292.820801 4617.401367 4759.260742 1.000000 1.000000 1.000000 1.000000 1.000000 1.000000 0.121440 0.117856 0.117843 0.417904 0.141375 0.083581 
12.000000 4.000000 6.000000 1.000000 2.000000 3.000000 4.000000 5.000000 4628.194824 4413.092773 4487.492188 4296.290039 4620.485352 4761.573730 1.000000 1.000000 1.000000 1.000000 1.000000 1.000000 0.122138 0.115699 0.123138 0.417209 0.138374 0.083442 
13.000000 4.000000 6.000000 1.000000 2.000000 3.000000 4.000000 5.000000 4631.278809 4416.176758 4494.816406 4302.072754 4623.569336 4769.668945 1.000000 1.000000 1.000000 1.000000 1.000000 1.000000 0.125800 0.114597 0.140818 0.398684 0.140365 0.079737 
14.000000 4.000000 6.000000 1.000000 2.000000 3.000000 4.000000 5.000000 4633.206055 4417.718750 4499.056641 4307.469238 4624.725586 4770.825195 1.000000 1.000000 1.000000 1.000000 1.000000 1.000000 0.113286 0.118098 0.141832 0.414150 0.129804 0.082830 
15.000000 4.000000 6.000000 1.000000 2.000000 3.000000 4.000000 5.000000 4638.217773 4421.573730 4504.838867 4309.782227 0.000000 4770.825195 1.000000 1.000000 1.000000 1.000000 0.000000 1.000000 0.122619 0.144777 0.169785 0.469016 0.000000 0.000018 
16.000000 4.000000 6.000000 1.000000 2.000000 3.000000 4.000000 5.000000 4642.843750 4424.657715 4507.922852 4312.095215 0.000000 4819.396973 1.000000 1.000000 1.000000 1.000000 0.000000 1.000000 0.119868 0.161131 0.176696 0.451921 0.000000 0.000018 
17.000000 4.000000 0.000000 0.000000 0.000000 0.000000 4.000000 5.000000 4644.385254 4429.283203 4509.464844 4312.095215 0.000000 4819.396973 1.000000 1.000000 1.000000 1.000000 0.000000 1.000000 0.131739 0.157365 0.179656 0.442699 0.000000 0.000018 
18.000000 4.000000 6.000000 1.000000 2.000000 3.000000 4.000000 5.000000 4645.927246 4429.668945 4511.777832 4313.637207 4648.625977 4792.412598 1.000000 1.000000 1.000000 1.000000 1.000000 1.000000 0.108320 0.134116 0.140585 0.412807 0.121611 0.082561 
19.000000 4.000000 6.000000 1.000000 2.000000 3.000000 4.000000 5.000000 4647.469238 4434.680176 4511.392578 4320.576172 4649.782227 4795.111328 1.000000 1.000000 1.000000 1.000000 1.000000 1.000000 0.111633 0.123370 0.137839 0.416746 0.127062 0.083349 
20.000000 4.000000 6.000000 1.000000 2.000000 3.000000 4.000000 5.000000 4650.167969 4436.607910 4517.945312 4323.659668 4648.240234 4793.954590 1.000000 1.000000 1.000000 1.000000 1.000000 1.000000 0.106826 0.105289 0.148687 0.429265 0.124079 0.085853 
21.000000 4.000000 6.000000 1.000000 2.000000 3.000000 4.000000 5.000000 4657.106445 4439.306152 4522.571289 4326.743652 4648.240234 4796.267578 1.000000 1.000000 1.000000 1.000000 1.000000 1.000000 0.102811 0.103927 0.165615 0.409263 0.136531 0.081853 
22.000000 4.000000 6.000000 1.000000 2.000000 3.000000 4.000000 5.000000 4662.118164 4440.848145 4524.499023 4336.766602 4651.709961 4797.038574 1.000000 1.000000 1.000000 1.000000 1.000000 1.000000 0.130136 0.091831 0.204660 0.360800 0.140414 0.072160 
23.000000 4.000000 6.000000 1.000000 2.000000 3.000000 4.000000 5.000000 4662.888672 4445.473633 4526.426270 4336.766602 4657.106445 4796.267578 1.000000 1.000000 1.000000 1.000000 1.000000 1.000000 0.127882 0.100761 0.181323 0.375238 0.139750 0.075048 
24.000000 4.000000 6.000000 1.000000 2.000000 3.000000 4.000000 5.000000 4662.888672 4446.245117 4534.135742 4337.151855 4660.576172 4802.049805 1.000000 1.000000 1.000000 1.000000 1.000000 1.000000 0.133746 0.110574 0.147441 0.394047 0.135382 0.078809 
25.000000 4.000000 6.000000 1.000000 2.000000 3.000000 4.000000 5.000000 4667.514648 4450.870605 4536.449219 4338.308594 4662.888672 4810.145020 1.000000 1.000000 1.000000 1.000000 1.000000 1.000000 0.125966 0.126173 0.121403 0.410677 0.133646 0.082135 
26.000000 4.000000 6.000000 1.000000 2.000000 3.000000 4.000000 5.000000 4672.140625 4450.870605 4536.449219 4341.392090 4668.285645 4810.145020 1.000000 1.000000 1.000000 1.000000 1.000000 1.000000 0.120398 0.127122 0.122321 0.413964 0.133403 0.082793 
27.000000 4.000000 6.000000 1.000000 2.000000 3.000000 4.000000 5.000000 4677.537109 4457.038574 4541.460449 4342.934082 4669.827637 4810.145020 1.000000 1.000000 1.000000 1.000000 1.000000 1.000000 0.121309 0.126101 0.129846 0.408671 0.132338 0.081734 
28.000000 4.000000 6.000000 1.000000 2.000000 3.000000 4.000000 5.000000 4679.079102 4457.038574 4546.857422 4347.560059 4670.984375 4818.625977 1.000000 1.000000 1.000000 1.000000 1.000000 1.000000 0.122185 0.123978 0.145314 0.398893 0.129852 0.079779 
29.000000 4.000000 6.000000 1.000000 2.000000 3.000000 4.000000 5.000000 4680.621094 4463.977539 4549.555664 4351.415039 4672.140625 4827.877441 1.000000 1.000000 1.000000 1.000000 1.000000 1.000000 0.124951 0.123735 0.141881 0.400119 0.129290 0.080024 
30.000000 4.000000 6.000000 1.000000 2.000000 3.000000 4.000000 5.000000 4680.621094 4463.977539 4550.326660 4362.208496 4672.911621 4831.732422 1.000000 1.000000 1.000000 1.000000 1.000000 1.000000 0.130279 0.125504 0.134425 0.398857 0.131164 0.079771 
31.000000 4.000000 6.000000 1.000000 2.000000 3.000000 4.000000 5.000000 4689.487305 4468.217773 4552.253906 4366.834473 4285.111328 4831.732422 1.000000 1.000000 1.000000 1.000000 1.000000 1.000000 0.126714 0.143770 0.149231 0.400313 0.099909 0.080063 
32.000000 4.000000 6.000000 1.000000 2.000000 3.000000 4.000000 5.000000 4694.884277 4467.832031 4554.566895 4373.002441 0.000000 4831.732422 1.000000 1.000000 1.000000 1.000000 0.000000 1.000000 0.128667 0.164613 0.162209 0.453759 0.000000 0.000016 
33.000000 4.000000 0.000000 0.000000 0.000000 0.000000 4.000000 5.000000 4691.415039 4465.519531 4558.036133 4366.834473 4285.881836 4965.111328 1.000000 1.000000 1.000000 1.000000 1.000000 1.000000 0.134239 0.174802 0.138712 0.378761 0.097734 0.075752 
34.000000 4.000000 6.000000 1.000000 2.000000 3.000000 4.000000 5.000000 4689.102051 4463.206543 4581.165527 4375.315430 4673.682617 4830.961426 1.000000 1.000000 1.000000 1.000000 1.000000 1.000000 0.122836 0.164567 0.132357 0.395159 0.106049 0.079032 
35.000000 4.000000 6.000000 1.000000 2.000000 3.000000 4.000000 5.000000 4686.789062 4460.893555 4601.981934 4391.120117 4673.682617 4823.637207 1.000000 1.000000 1.000000 1.000000 1.000000 1.000000 0.120067 0.148167 0.108293 0.417628 0.122318 0.083526 
36.000000 4.000000 6.000000 1.000000 2.000000 3.000000 4.000000 5.000000 4678.308594 4460.893555 4615.088379 4403.070312 4672.911621 4815.541992 1.000000 1.000000 1.000000 1.000000 1.000000 1.000000 0.122831 0.135345 0.125665 0.411825 0.121969 0.082365 
37.000000 4.000000 6.000000 1.000000 2.000000 3.000000 4.000000 5.000000 4658.263184 4458.965820 4615.088379 4414.634766 4671.369629 4812.072754 1.000000 1.000000 1.000000 1.000000 1.000000 1.000000 0.105576 0.118484 0.142476 0.431537 0.115620 0.086307 
38.000000 4.000000 6.000000 1.000000 2.000000 3.000000 4.000000 5.000000 4640.916016 4460.893555 4616.245117 4448.557617 4671.369629 4809.374023 1.000000 1.000000 1.000000 1.000000 1.000000 1.000000 0.105831 0.110340 0.162331 0.425771 0.110572 0.085154 
39.000000 4.000000 6.000000 1.000000 2.000000 3.000000 4.000000 5.000000 4635.133789 4467.061035 4617.401367 4457.809570 4669.827637 4805.133789 1.000000 1.000000 1.000000 1.000000 1.000000 1.000000 0.118033 0.104833 0.170377 0.403459 0.122607 0.080692 
40.000000 4.000000 6.000000 1.000000 2.000000 3.000000 4.000000 5.000000 4635.133789 4460.893555 4655.950195 4469.374023 4670.598633 4790.485352 1.000000 1.000000 1.000000 1.000000 1.000000 1.000000 0.119464 0.105872 0.177071 0.393817 0.125013 0.078763 
41.000000 4.000000 6.000000 1.000000 2.000000 3.000000 4.000000 5.000000 4627.423828 4473.229004 4666.358398 4520.644043 4653.637207 4777.378906 1.000000 1.000000 1.000000 1.000000 1.000000 1.000000 0.129228 0.091951 0.197187 0.342612 0.170499 0.068522 
42.000000 5.000000 6.000000 1.000000 2.000000 3.000000 4.000000 5.000000 4604.294922 4473.229004 4666.358398 4545.700684 4645.927246 4777.378906 1.000000 1.000000 1.000000 1.000000 1.000000 1.000000 0.145706 0.091392 0.241705 0.173628 0.289640 0.057928 
43.000000 5.000000 6.000000 1.000000 2.000000 3.000000 4.000000 5.000000 4590.416992 4490.576172 4699.124512 4560.349121 4639.759766 4777.378906 1.000000 1.000000 1.000000 1.000000 1.000000 1.000000 0.109430 0.122951 0.302147 0.102495 0.302480 0.060496 
44.000000 3.000000 6.000000 1.000000 2.000000 3.000000 4.000000 5.000000 4586.562500 4501.754883 4729.963867 4559.578125 4638.603027 4766.199707 1.000000 1.000000 1.000000 1.000000 1.000000 1.000000 0.107201 0.127169 0.312577 0.112494 0.278043 0.062515 
45.000000 3.000000 6.000000 1.000000 2.000000 3.000000 4.000000 5.000000 4582.707520 4508.693848 4738.444336 4559.578125 4637.446777 4754.634766 1.000000 1.000000 1.000000 1.000000 1.000000 1.000000 0.106034 0.130253 0.285674 0.155271 0.265632 0.057135 
46.000000 5.000000 6.000000 1.000000 2.000000 3.000000 4.000000 5.000000 4574.612305 4521.029297 4749.623535 4564.975098 4634.362793 4751.550781 1.000000 1.000000 1.000000 1.000000 1.000000 1.000000 0.114989 0.127910 0.255574 0.165323 0.280170 0.056034 
47.000000 3.000000 6.000000 1.000000 2.000000 3.000000 4.000000 5.000000 4557.265625 4539.532715 4765.042969 4566.902344 0.000000 4751.550781 1.000000 1.000000 1.000000 1.000000 0.000000 1.000000 0.229837 0.161455 0.303029 0.245073 0.000000 0.000015 
48.000000 1.000000 6.000000 1.000000 2.000000 3.000000 4.000000 5.000000 4550.711914 4549.940918 4771.981934 4575.383301 0.000000 4751.550781 1.000000 1.000000 1.000000 1.000000 0.000000 1.000000 0.370086 0.116277 0.226887 0.212733 0.000000 0.000027 
49.000000 1.000000 0.000000 0.000000 0.000000 0.000000 4.000000 5.000000 4548.013672 4554.566895 4774.680176 4581.936523 0.000000 4750.009277 1.000000 1.000000 1.000000 1.000000 0.000000 1.000000 0.376613 0.110161 0.216399 0.221504 0.000000 0.000033 
50.000000 5.000000 6.000000 1.000000 2.000000 3.000000 4.000000 5.000000 4550.711914 4554.952148 4776.222168 4582.707520 4631.278809 4751.550781 1.000000 1.000000 1.000000 1.000000 1.000000 1.000000 0.208898 0.079089 0.127491 0.128685 0.379864 0.075973 
51.000000 5.000000 6.000000 1.000000 2.000000 3.000000 4.000000 5.000000 4553.410156 4556.879883 4782.004395 4585.020508 4632.820801 4753.478516 1.000000 1.000000 1.000000 1.000000 1.000000 1.000000 0.223972 0.080008 0.126075 0.121097 0.374040 0.074808 
52.000000 5.000000 6.000000 1.000000 2.000000 3.000000 4.000000 5.000000 4550.326660 4562.662109 4790.099609 4592.729980 4634.748047 4756.947754 1.000000 1.000000 1.000000 1.000000 1.000000 1.000000 0.199085 0.090773 0.124852 0.144943 0.366955 0.073391 
53.000000 5.000000 6.000000 1.000000 2.000000 3.000000 4.000000 5.000000 4557.650879 4567.288086 4790.870605 4600.439941 4637.446777 4758.875488 1.000000 1.000000 1.000000 1.000000 1.000000 1.000000 0.204875 0.085979 0.122890 0.139723 0.372111 0.074422 
54.000000 5.000000 6.000000 1.000000 2.000000 3.000000 4.000000 5.000000 4562.662109 4568.059082 4792.798340 4607.378906 4639.759766 4759.260742 1.000000 1.000000 1.000000 1.000000 1.000000 1.000000 0.210903 0.088451 0.126872 0.139529 0.361871 0.072374 
55.000000 5.000000 6.000000 1.000000 2.000000 3.000000 4.000000 5.000000 4566.517090 4568.059082 4794.725586 4607.378906 4644.000000 4760.802734 1.000000 1.000000 1.000000 1.000000 1.000000 1.000000 0.206791 0.085041 0.131428 0.139549 0.364325 0.072865 
56.000000 5.000000 6.000000 1.000000 2.000000 3.000000 4.000000 5.000000 4566.517090 4571.528320 4805.519531 4605.451172 4646.698242 4766.584961 1.000000 1.000000 1.000000 1.000000 1.000000 1.000000 0.204075 0.082545 0.139969 0.139714 0.361413 0.072283 
57.000000 5.000000 6.000000 1.000000 2.000000 3.000000 4.000000 5.000000 4572.684570 4578.466797 4808.603027 4603.909180 4652.095215 4772.367188 1.000000 1.000000 1.000000 1.000000 1.000000 1.000000 0.215786 0.089091 0.146920 0.142088 0.338429 0.067686 
58.000000 5.000000 6.000000 1.000000 2.000000 3.000000 4.000000 5.000000 4574.226562 4578.466797 4808.603027 4603.909180 4653.637207 4772.367188 1.000000 1.000000 1.000000 1.000000 1.000000 1.000000 0.194536 0.091108 0.144565 0.141864 0.356606 0.071321 
59.000000 5.000000 6.000000 1.000000 2.000000 3.000000 4.000000 5.000000 4574.226562 4585.405762 4814.000000 4604.294922 4661.346680 4772.367188 1.000000 1.000000 1.000000 1.000000 1.000000 1.000000 0.188330 0.113874 0.142150 0.137293 0.348627 0.069725 
60.000000 5.000000 6.000000 1.000000 2.000000 3.000000 4.000000 5.000000 4574.997559 4588.875000 4815.541992 4610.462891 4662.503418 4780.848145 1.000000 1.000000 1.000000 1.000000 1.000000 1.000000 0.188446 0.116270 0.141822 0.131230 0.351860 0.070372 
61.000000 5.000000 6.000000 1.000000 2.000000 3.000000 4.000000 5.000000 4575.768555 4592.729980 4816.312988 4618.172363 4663.660156 4787.401367 1.000000 1.000000 1.000000 1.000000 1.000000 1.000000 0.184312 0.125087 0.138364 0.124039 0.356832 0.071366 
62.000000 5.000000 6.000000 1.000000 2.000000 3.000000 4.000000 5.000000 4577.310547 4594.657715 4816.698242 4621.256348 4664.816406 4787.787109 1.000000 1.000000 1.000000 1.000000 1.000000 1.000000 0.186929 0.124794 0.137967 0.118484 0.359855 0.071971 
63.000000 1.000000 6.000000 1.000000 2.000000 3.000000 4.000000 5.000000 4585.020508 4597.355957 4819.782227 4622.027344 0.000000 4787.787109 1.000000 1.000000 1.000000 1.000000 0.000000 1.000000 0.334658 0.193140 0.232488 0.172783 0.000000 0.000028 
64.000000 1.000000 6.000000 1.000000 2.000000 3.000000 4.000000 5.000000 4590.416992 4598.897949 4824.022461 4625.881836 0.000000 4790.870605 1.000000 1.000000 1.000000 1.000000 0.000000 1.000000 0.339264 0.195537 0.236450 0.160896 0.000000 0.000028 
65.000000 1.000000 0.000000 0.000000 0.000000 0.000000 4.000000 5.000000 4591.187988 4603.523926 4825.564453 4628.965820 0.000000 4795.496582 1.000000 1.000000 1.000000 1.000000 0.000000 1.000000 0.342408 0.187892 0.248762 0.152457 0.000000 0.000031 
66.000000 5.000000 6.000000 1.000000 2.000000 3.000000 4.000000 5.000000 4591.958984 4607.378906 4825.564453 4640.530762 4684.861328 4800.122559 1.000000 1.000000 1.000000 1.000000 1.000000 1.000000 0.198804 0.115090 0.158443 0.089351 0.365260 0.073052 
67.000000 5.000000 6.000000 1.000000 2.000000 3.000000 4.000000 5.000000 4592.729980 4608.920898 4832.118164 4647.469238 4686.789062 4802.435547 1.000000 1.000000 1.000000 1.000000 1.000000 1.000000 0.200774 0.113016 0.161905 0.092944 0.359467 0.071893 
68.000000 5.000000 6.000000 1.000000 2.000000 3.000000 4.000000 5.000000 4596.970703 4610.848145 4838.670898 4649.396973 4686.789062 4802.820801 1.000000 1.000000 1.000000 1.000000 1.000000 1.000000 0.200016 0.113322 0.181515 0.092922 0.343521 0.068704 
69.000000 5.000000 6.000000 1.000000 2.000000 3.000000 4.000000 5.000000 4603.909180 4614.703125 4838.670898 4651.324219 4688.716797 4804.748535 1.000000 1.000000 1.000000 1.000000 1.000000 1.000000 0.186182 0.137856 0.147359 0.116463 0.343450 0.068690 
70.000000 5.000000 6.000000 1.000000 2.000000 3.000000 4.000000 5.000000 4605.065918 4615.088379 4845.995605 4662.118164 4692.186035 4802.820801 1.000000 1.000000 1.000000 1.000000 1.000000 1.000000 0.153231 0.162187 0.141535 0.164345 0.315585 0.063117 
71.000000 5.000000 6.000000 1.000000 2.000000 3.000000 4.000000 5.000000 4603.523926 4615.859375 4853.319824 4667.514648 4692.186035 0.000000 1.000000 1.000000 1.000000 1.000000 1.000000 0.000000 0.150115 0.219719 0.067700 0.223965 0.338501 0.000000 
72.000000 5.000000 6.000000 1.000000 2.000000 3.000000 4.000000 5.000000 4603.523926 4623.183594 4911.914062 4666.743652 4693.728027 0.000000 1.000000 1.000000 1.000000 1.000000 1.000000 0.000000 0.178016 0.241075 0.058441 0.230266 0.292203 0.000000 
73.000000 5.000000 6.000000 1.000000 2.000000 3.000000 4.000000 5.000000 4601.981934 4649.011230 4920.394531 4666.743652 4682.934082 4783.546387 1.000000 1.000000 1.000000 1.000000 1.000000 1.000000 0.168904 0.214252 0.053617 0.231557 0.268087 0.063583 
74.000000 5.000000 6.000000 1.000000 2.000000 3.000000 4.000000 5.000000 4598.126953 4649.011230 4920.394531 4667.900391 4661.346680 4783.546387 1.000000 1.000000 1.000000 1.000000 1.000000 1.000000 0.188485 0.192687 0.050880 0.253873 0.254398 0.059677 
75.000000 4.000000 6.000000 1.000000 2.000000 3.000000 4.000000 5.000000 4597.355957 4685.632812 0.000000 4665.972656 4645.156250 4777.764160 1.000000 1.000000 0.000000 1.000000 1.000000 1.000000 0.203118 0.176815 0.000000 0.287283 0.057457 0.000016 
76.000000 4.000000 6.000000 1.000000 2.000000 3.000000 4.000000 5.000000 4597.741699 4703.750488 0.000000 4679.850586 4640.145020 4744.612305 1.000000 1.000000 0.000000 1.000000 1.000000 1.000000 0.188702 0.160892 0.000000 0.297412 0.059482 0.000012 
77.000000 4.000000 6.000000 1.000000 2.000000 3.000000 4.000000 5.000000 4598.126953 4724.566895 0.000000 4707.605469 4635.133789 4716.857422 1.000000 1.000000 0.000000 1.000000 1.000000 1.000000 0.199271 0.149779 0.000000 0.315132 0.063026 0.000009 
78.000000 4.000000 6.000000 1.000000 2.000000 3.000000 4.000000 5.000000 4611.619141 4731.505859 0.000000 4713.387695 4626.653320 4714.543945 1.000000 1.000000 0.000000 1.000000 1.000000 1.000000 0.175644 0.166239 0.000000 0.349390 0.069878 0.000016 
79.000000 4.000000 6.000000 1.000000 2.000000 3.000000 4.000000 5.000000 4615.859375 4749.623535 5009.442383 4719.169922 0.000000 4716.857422 1.000000 1.000000 1.000000 1.000000 0.000000 1.000000 0.258302 0.286850 0.060634 0.303172 0.000000 0.000015 
80.000000 1.000000 6.000000 1.000000 2.000000 3.000000 4.000000 5.000000 4598.897949 4770.439941 5002.118164 4741.528320 0.000000 4712.231445 1.000000 1.000000 1.000000 1.000000 0.000000 1.000000 0.330981 0.300761 0.066196 0.166675 0.000000 0.000031 
81.000000 1.000000 0.000000 0.000000 0.000000 0.000000 4.000000 5.000000 4598.897949 4790.099609 5002.118164 4750.009277 0.000000 4682.934082 1.000000 1.000000 1.000000 1.000000 0.000000 1.000000 0.345106 0.320203 0.069021 0.096196 0.000000 0.000042 
82.000000 5.000000 6.000000 1.000000 2.000000 3.000000 4.000000 5.000000 4598.897949 4807.061035 5036.811523 4758.489746 4549.555664 4662.888672 1.000000 1.000000 1.000000 1.000000 1.000000 1.000000 0.167096 0.156270 0.079174 0.086021 0.395868 0.115573 
83.000000 5.000000 6.000000 1.000000 2.000000 3.000000 4.000000 5.000000 0.000000 4822.480469 5019.464844 4788.557617 4542.616699 4662.888672 0.000000 1.000000 1.000000 1.000000 1.000000 1.000000 0.000000 0.160824 0.096968 0.115592 0.484841 0.141776 
84.000000 5.000000 6.000000 1.000000 2.000000 3.000000 4.000000 5.000000 0.000000 4843.296875 5051.074707 4793.183594 4536.063477 4656.335938 0.000000 1.000000 1.000000 1.000000 1.000000 1.000000 0.000000 0.129310 0.112896 0.104322 0.521610 0.131862 
85.000000 5.000000 6.000000 1.000000 2.000000 3.000000 4.000000 5.000000 0.000000 4866.426270 5065.337891 4797.809570 4526.426270 4646.698242 0.000000 1.000000 1.000000 1.000000 1.000000 1.000000 0.000000 0.116883 0.111435 0.106351 0.531754 0.133578 
86.000000 5.000000 6.000000 1.000000 2.000000 3.000000 4.000000 5.000000 4654.408203 4877.219727 5070.349121 4816.312988 4525.655273 4643.614258 1.000000 1.000000 1.000000 1.000000 1.000000 1.000000 0.094459 0.102623 0.107705 0.101359 0.472297 0.121558 
87.000000 5.000000 6.000000 1.000000 2.000000 3.000000 4.000000 5.000000 4658.263184 4887.242676 5075.360352 4827.106445 4525.655273 4640.530762 1.000000 1.000000 1.000000 1.000000 1.000000 1.000000 0.094580 0.103151 0.104978 0.102106 0.472899 0.122286 
88.000000 5.000000 6.000000 1.000000 2.000000 3.000000 4.000000 5.000000 4658.263184 4891.097656 5084.998047 4827.106445 4527.968262 0.000000 1.000000 1.000000 1.000000 1.000000 1.000000 0.000000 0.108507 0.115828 0.116351 0.116783 0.542533 0.000000 
89.000000 3.000000 6.000000 1.000000 2.000000 3.000000 4.000000 5.000000 4696.426270 0.000000 0.000000 4830.961426 4530.281250 0.000000 1.000000 0.000000 0.000000 1.000000 1.000000 0.000000 0.140971 0.000000 0.000000 0.000074 0.002466 0.000000 
90.000000 4.000000 6.000000 1.000000 2.000000 3.000000 4.000000 5.000000 0.000000 0.000000 4466.675781 0.000000 4201.074707 0.000000 0.000000 0.000000 1.000000 0.000000 1.000000 0.000000 0.000000 0.000000 0.166667 0.000000 0.001396 0.000000 
91.000000 5.000000 3.000000 4.000000 5.000000 6.000000 4.000000 5.000000 0.000000 0.000000 0.000000 0.000000 3916.584961 0.000000 0.000000 0.000000 0.000000 0.000000 1.000000 0.000000 0.000000 0.000000 0.000000 0.000000 0.000169 0.000000 
92.000000 5.000000 3.000000 4.000000 5.000000 6.000000 4.000000 5.000000 0.000000 0.000000 0.000000 0.000000 3916.584961 0.000000 0.000000 0.000000 0.000000 0.000000 1.000000 0.000000 0.000000 0.000000 0.000000 0.000000 0.000169 0.000000 
93.000000 3.000000 0.000000 0.000000 0.000000 0.000000 0.000000 5.000000 4060.757324 0.000000 3997.151855 3815.972656 3963.614502 3847.582764 1.000000 0.000000 1.000000 1.000000 1.000000 1.000000 0.083379 0.000000 0.392964 0.095255 0.349810 0.000113 
94.000000 4.000000 4.000000 5.000000 6.000000 1.000000 2.000000 5.000000 4060.757324 3878.421875 4263.138184 3815.972656 4151.732422 3894.226807 1.000000 1.000000 1.000000 1.000000 1.000000 1.000000 0.063831 0.254602 0.059141 0.295703 0.079623 0.247101 
95.000000 4.000000 0.000000 0.000000 0.000000 0.000000 0.000000 0.000000 4086.199707 3878.421875 4301.301758 3860.303955 4334.453613 3941.256348 1.000000 1.000000 1.000000 1.000000 1.000000 1.000000 0.075040 0.267441 0.055663 0.278317 0.074090 0.249448 
96.000000 2.000000 0.000000 0.000000 0.000000 0.000000 0.000000 0.000000 4363.750488 3878.421875 4301.301758 4043.024902 4334.453613 4029.532959 1.000000 1.000000 1.000000 1.000000 1.000000 1.000000 0.080969 0.286054 0.057211 0.253263 0.077123 0.245380 
97.000000 6.000000 0.000000 0.000000 0.000000 0.000000 5.000000 0.000000 4394.589355 3845.655273 4370.689453 4087.741455 4348.716797 4117.809570 1.000000 1.000000 1.000000 1.000000 1.000000 1.000000 0.089565 0.183622 0.061758 0.281539 0.074728 0.308788 
98.000000 6.000000 0.000000 0.000000 0.000000 0.000000 5.000000 0.000000 4394.589355 4026.063477 4484.793945 4132.458008 4469.374023 4211.097656 1.000000 1.000000 1.000000 1.000000 1.000000 1.000000 0.094760 0.179961 0.077834 0.265440 0.063668 0.318338 
99.000000 6.000000 1.000000 2.000000 3.000000 4.000000 5.000000 4.000000 4452.412598 4288.194824 4529.510254 4325.201660 4673.682617 4257.355957 1.000000 1.000000 1.000000 1.000000 1.000000 1.000000 0.066935 0.211445 0.075109 0.269017 0.062916 0.314579 
100.000000 6.000000 1.000000 2.000000 3.000000 4.000000 5.000000 4.000000 4680.621094 4336.766602 4574.226562 4367.990723 4743.070312 4350.644043 1.000000 1.000000 1.000000 1.000000 1.000000 1.000000 0.074379 0.192655 0.080149 0.243037 0.068297 0.341483 
101.000000 6.000000 0.000000 0.000000 0.000000 0.000000 0.000000 4.000000 4733.818359 4428.512695 4762.344727 4367.990723 4743.070312 4534.907227 1.000000 1.000000 1.000000 1.000000 1.000000 1.000000 0.071691 0.258130 0.067429 0.225554 0.062866 0.314330 
102.000000 5.000000 2.000000 3.000000 4.000000 5.000000 6.000000 4.000000 4733.818359 4518.716797 4852.548828 0.000000 4797.038574 4582.322266 1.000000 1.000000 1.000000 0.000000 1.000000 1.000000 0.094179 0.312286 0.089444 0.000000 0.420076 0.000135 
103.000000 5.000000 4.000000 5.000000 5.000000 5.000000 2.000000 4.000000 4777.764160 4613.161133 4852.548828 0.000000 4975.904785 4629.736816 1.000000 1.000000 1.000000 0.000000 1.000000 1.000000 0.097861 0.330890 0.091290 0.000000 0.399965 0.000115 
104.000000 4.000000 0.000000 0.000000 0.000000 5.000000 0.000000 0.000000 4963.183594 4705.292480 4943.523926 4825.179199 5023.319824 4811.687012 1.000000 1.000000 1.000000 1.000000 1.000000 1.000000 0.081797 0.228297 0.074442 0.333546 0.066709 0.215208 
105.000000 4.000000 4.000000 5.000000 5.000000 6.000000 5.000000 3.000000 5145.904785 4795.881836 5291.233398 4868.739258 5070.734863 4857.945801 1.000000 1.000000 1.000000 1.000000 1.000000 1.000000 0.066995 0.182579 0.077171 0.334976 0.074018 0.264261 
106.000000 4.000000 5.000000 5.000000 5.000000 2.000000 5.000000 4.000000 5187.151855 4953.932129 5291.233398 4933.115723 5228.784668 4857.945801 1.000000 1.000000 1.000000 1.000000 1.000000 1.000000 0.066588 0.225215 0.071782 0.332940 0.075649 0.227826 
107.000000 4.000000 5.000000 6.000000 5.000000 2.000000 5.000000 4.000000 5187.151855 5128.557617 5291.233398 5048.376465 5295.088379 0.000000 1.000000 1.000000 1.000000 1.000000 1.000000 0.000000 0.084093 0.290378 0.090401 0.420464 0.114663 0.000000 
108.000000 4.000000 5.000000 6.000000 5.000000 2.000000 5.000000 4.000000 5252.684570 5191.006836 5315.133789 5169.034180 5295.088379 0.000000 1.000000 1.000000 1.000000 1.000000 1.000000 0.000000 0.095400 0.306988 0.080995 0.404976 0.111640 0.000000 
109.000000 2.000000 5.000000 6.000000 5.000000 2.000000 5.000000 4.000000 5379.895508 5191.006836 5371.029297 5302.412598 5357.537109 5471.641602 1.000000 1.000000 1.000000 1.000000 1.000000 1.000000 0.070972 0.280911 0.056182 0.276173 0.063897 0.251864 
110.000000 4.000000 5.000000 6.000000 5.000000 2.000000 5.000000 4.000000 5411.891113 5460.077148 5507.106445 5366.018066 5491.687012 5531.777832 1.000000 1.000000 1.000000 1.000000 1.000000 1.000000 0.064904 0.275163 0.082308 0.278477 0.055695 0.243452 
111.000000 2.000000 5.000000 6.000000 5.000000 2.000000 5.000000 4.000000 5443.886719 5514.816406 5547.968262 5497.083984 5572.639648 5579.578125 1.000000 1.000000 1.000000 1.000000 1.000000 1.000000 0.071356 0.289221 0.084756 0.265076 0.057844 0.231747 
112.000000 2.000000 5.000000 6.000000 5.000000 2.000000 5.000000 4.000000 5608.875000 5514.816406 5547.968262 5685.972656 5572.639648 5672.095215 1.000000 1.000000 1.000000 1.000000 1.000000 1.000000 0.083304 0.312813 0.091670 0.221790 0.062563 0.227861 
113.000000 3.000000 0.000000 0.000000 0.000000 0.000000 5.000000 4.000000 5699.079102 0.000000 5638.172363 5734.159180 5619.668945 5765.383301 1.000000 0.000000 1.000000 1.000000 1.000000 1.000000 0.073336 0.000000 0.366680 0.079237 0.363169 0.000089 
114.000000 5.000000 5.000000 6.000000 5.000000 2.000000 5.000000 4.000000 5699.079102 0.000000 5818.580078 5782.344727 5805.088379 5858.286133 1.000000 0.000000 1.000000 1.000000 1.000000 1.000000 0.079154 0.000000 0.369799 0.077407 0.387036 0.000103 
