6.0 281.70904539485923 163.11165052506294 4196.737110610065 
6.0 280.8474394839009 161.06858854995107 4200.4517144279935 
6.0 280.74007715937074 160.48967984936624 4202.1166749513795 
6.0 280.33664658003244 159.3527781399171 4205.469178624732 
6.0 279.71699818534955 158.25201350654436 4209.808741834616 
6.0 278.85667644776055 157.8893882205067 4212.8187129454145 
6.0 278.2842751986707 158.03031894347168 4216.153915588883 
6.0 277.85721794501353 157.7172057659675 4219.076378732581 
6.0 277.35317770453867 158.87449113669746 4219.456663878778 
6.0 276.46563323113224 161.22409007708688 4219.334084824214 
6.0 275.8471359920369 163.0780945092704 4222.844471124656 
6.0 275.67939281140195 164.6453369666368 4226.874047825536 
6.0 275.9743037104304 165.3366175151444 4232.110255208183 
6.0 276.55141956677977 165.44043361990097 4236.529573682963 
6.0 277.3916270843421 166.70246081428317 4238.14860757997 
6.0 278.0281965377125 167.18852206570034 4243.1801954001585 
6.0 278.54826611494576 167.82286782796814 4246.283363541305 
6.0 278.50001360732836 162.89256862695038 4261.925428792071 
6.0 278.26782861630284 159.8984429006369 4263.249552259611 
6.0 278.2744932383389 158.20725588687844 4264.9570535804505 
6.0 278.4271119933203 158.3706553930496 4266.037320545572 
6.0 278.48142530616354 159.37669243007718 4266.572913868547 
6.0 278.48588750297097 160.6054083268211 4268.223410336517 
6.0 278.9541465922536 160.77357355471958 4272.680894814634 
6.0 279.41333695469075 160.5744176789104 4277.245874758003 
6.0 279.4826721877053 160.47339195566266 4280.116164614648 
6.0 279.4783170040878 161.19471249215832 4282.534631793072 
6.0 279.650667112752 161.33576563695752 4286.578981333934 
6.0 279.8854451569257 160.86648367966544 4291.080397573275 
6.0 280.09966585754114 159.6587667641592 4294.268228670599 
6.0 279.839844207454 159.1973750234953 4296.457953035857 
6.0 279.2129503270175 159.973908367215 4296.135473590685 
6.0 279.2545133452581 159.93104155062787 4299.418812716267 
6.0 281.2697289332967 158.47761053400586 4305.727534020006 
6.0 285.46451470047236 155.95258034276094 4312.310606386194 
6.0 291.2495448030363 152.45831922992687 4318.012979710871 
6.0 297.634343809183 146.7157719188251 4321.341590033728 
6.0 303.8088452371828 138.3233958371467 4320.335344282109 
6.0 309.37165429858294 129.41745873290185 4316.853201634367 
6.0 316.9625745147832 120.98057771253592 4321.972750013026 
6.0 325.74179339388684 111.94763450415051 4314.168491179462 
6.0 335.50478216338905 102.55368149606781 4304.74645656663 
6.0 347.24239423248673 92.52531781730528 4311.703008227954 
6.0 359.7664496446774 80.93805496221742 4319.319926253778 
6.0 372.4614946475397 71.29046746941994 4324.45988812174 
6.0 384.99074537412133 65.52301175281534 4331.064681895095 
6.0 394.95455963468396 58.05274888295767 4344.117544780389 
6.0 405.5338383408586 53.966432410657525 4345.537669225252 
6.0 415.42869153882395 51.3214866968058 4344.761980473259 
6.0 421.87713665006186 46.15366160252569 4351.159300796364 
6.0 427.3432903069097 43.92241833842704 4356.004930947956 
6.0 432.1142416017706 42.97699536688275 4361.76578955315 
6.0 436.0465461595444 42.54668622251944 4363.69001865395 
6.0 439.27485465070924 42.17666364892113 4363.525835872397 
6.0 441.585984937009 41.771267282363375 4364.405962459897 
6.0 443.2859825944018 42.04422803239557 4372.162785260176 
6.0 444.18960687715645 42.995191357973766 4379.643377754531 
6.0 444.56316378213813 44.04032920134505 4384.351772212482 
6.0 444.64753813990706 44.26898862828643 4388.599628843415 
6.0 444.66289127407344 44.20817284992645 4392.5721279699965 
6.0 444.77033971204975 43.99248463199284 4395.066521974876 
6.0 444.9442808217037 43.575043908545396 4396.149674211675 
6.0 447.3531978414922 45.77638127882055 4386.146578800889 
6.0 448.522069981246 47.02162936051446 4390.177750813583 
6.0 449.33383473024656 47.76201984613369 4391.513740836228 
6.0 447.89335894901967 45.65362990333588 4402.056129958679 
6.0 447.1704910158146 42.28534842894049 4402.379221853234 
6.0 447.0622252939127 39.4913646215905 4404.950553575636 
6.0 447.1338340941252 37.878414353062134 4406.310387444487 
6.0 447.8038366495871 35.85912813259385 4406.543509376295 
6.0 449.19555311598504 33.28025972074429 4407.668984506686 
6.0 451.27737570519196 36.03933523639209 4448.0556006328725 
6.0 455.072474562397 39.482205121005336 4455.979358131548 
6.0 459.74946996614636 45.477227617417725 4465.905284578197 
6.0 465.0641140450015 50.60545818072892 4421.264251836814 
6.0 471.8858717446241 58.58402264013655 4433.48937621154 
6.0 481.42939375212524 65.36980270878878 4427.1304073618985 
5.0 493.7378488019774 71.3068551467713 4395.075378587312 
5.0 505.7182600432716 78.56732287008863 4393.211839051321 
5.0 518.1462073688746 84.65464217321369 4405.833326926705 
5.0 532.0887124382748 91.80227931602542 4408.877013545649 
6.0 544.0604102396987 91.66954765197126 4489.176420156608 
6.0 560.2932658350411 86.72845662043449 4468.52120741904 
6.0 574.541900125326 89.86652906956573 4468.543284640144 
6.0 586.8713282005735 100.1652212531357 4468.694189214024 
6.0 597.0566200985677 116.94987950301623 4468.485698628106 
6.0 606.1867703380161 131.70610310128302 4468.923166796375 
6.0 601.30624121837 138.55766029367004 4515.642279234211 
6.0 602.4775225104802 139.72894158578023 -3692.4586723158136 
6.0 603.6488038025904 140.90022287789043 2430.2253383825746 
5.0 576.4606560279213 151.15010840030848 4822.233232521418 
4.0 577.6319373200315 152.32138969241868 5691.628708947952 
5.0 578.8032186121417 153.49267098452887 4162.570816001359 
6.0 579.9744999042518 154.66395227663907 4316.472019845691 
6.0 592.3516559100048 155.83523356874926 4340.963074025117 
6.0 599.6744751229082 157.00651486085945 4348.157381053105 
6.0 569.9742751166826 171.8437166734999 4248.593687127766 
6.0 551.1967291510035 181.1344923113131 4251.540744591462 
6.0 513.8774112770099 182.3057736034233 4304.317811479298 
6.0 511.41711114621893 183.47705489553348 4349.615180661629 
6.0 514.6421855932128 184.64833618764368 4231.646494995821 
6.0 515.813466885323 185.81961747975387 4213.941617843284 
6.0 516.9847481774332 195.84905871400656 4466.750437578059 
6.0 514.732435423567 183.53953247982554 4445.1444969597405 
6.0 491.04012346378835 202.08091037290865 4569.156598879308 
6.0 491.04012346378835 202.08091037290865 4799.189942525335 
6.0 491.04012346378835 202.08091037290865 4968.29162775363 
6.0 491.04012346378835 202.08091037290865 5011.60130022574 
6.0 491.04012346378835 202.08091037290865 5016.5820349876785 
6.0 477.6473366555027 189.1221782062594 5091.226877025604 
6.0 478.81861794761295 190.2934594983696 5125.456171684821 
6.0 478.81861794761295 190.2934594983696 5306.507702939304 
6.0 417.6087458641601 207.22224896825648 5203.785498757311 
6.0 456.80931090244917 168.686196011345 5847.017681540048 
